#chr	pos	allele1(af-to-calculate-if-background2=0)	allele2	error	allele1	allele2	parent
1	299	18	7	0	T		A		example1,32,18,0.72,1
1	340	27	12	0	G		T		example1,32,27,0.692308,1
1	586	32	6	0	C		T		example1,32,32,0.842105,1
1	738	39	5	0	C		T		example1,32,39,0.886364,1
1	827	34	8	0	A		T		example1,32,34,0.809524,1
1	925	43	8	0	C		A		example1,32,43,0.843137,1
1	1314	38	4	0	T		C		example1,32,38,0.904762,1
1	1597	36	3	0	T		G		example1,32,36,0.923077,1
1	1707	32	6	0	C		T		example1,32,32,0.842105,1
1	2030	41	2	0	T		C		example1,32,41,0.953488,1
1	2932	21	2	0	A		C		example1,32,21,0.913043,1
1	3224	34	1	0	A		T		example1,32,34,0.971429,1
1	3352	44	1	0	A		G		example1,32,44,0.977778,1
1	3369	41	0	0	T		G		example1,32,41,1,1
1	3792	34	0	0	C		G		example1,32,34,1,1
1	3989	40	0	0	G		T		example1,32,40,1,1
1	4067	39	0	0	A		C		example1,32,39,1,1
1	4137	25	0	0	A		G		example1,32,25,1,1
1	5176	32	0	0	A		T		example1,32,32,1,1
1	5585	40	0	0	G		C		example1,32,40,1,1
1	5653	35	0	0	G		C		example1,32,35,1,1
1	5656	33	0	0	T		A		example1,32,33,1,1
1	5872	40	1	0	T		A		example1,32,40,0.97561,1
1	6378	32	2	0	A		T		example1,32,32,0.941176,1
1	6487	36	1	0	A		G		example1,32,36,0.972973,1
1	6866	43	1	0	G		A		example1,32,43,0.977273,1
1	6975	31	1	0	A		T		example1,32,31,0.96875,1
1	7121	34	2	0	T		A		example1,32,34,0.944444,1
1	7122	35	1	0	C		A		example1,32,35,0.972222,1
1	7236	32	1	0	C		T		example1,32,32,0.969697,1
1	7551	32	1	0	C		A		example1,32,32,0.969697,1
1	7691	30	2	0	T		A		example1,32,30,0.9375,1
1	8021	35	1	0	G		C		example1,32,35,0.972222,1
1	8409	30	4	0	T		A		example1,32,30,0.882353,1
1	8832	34	4	0	A		G		example1,32,34,0.894737,1
1	8961	26	4	0	C		T		example1,32,26,0.866667,1
1	9065	34	2	0	C		T		example1,32,34,0.944444,1
1	9093	32	1	0	G		T		example1,32,32,0.969697,1
1	9107	29	4	0	C		G		example1,32,29,0.878788,1
1	9393	33	5	0	C		A		example1,32,33,0.868421,1
1	9668	30	6	0	G		T		example1,32,30,0.833333,1
1	10377	20	6	0	A		T		example1,32,20,0.769231,1
1	10425	30	2	0	G		T		example1,32,30,0.9375,1
1	10732	31	5	0	T		C		example1,32,31,0.861111,1
1	10884	46	5	0	C		T		example1,32,46,0.901961,1
1	10940	33	4	0	G		T		example1,32,33,0.891892,1
1	11019	23	3	0	C		A		example1,32,23,0.884615,1
1	11476	38	6	0	G		T		example1,32,38,0.863636,1
1	11506	35	8	0	C		T		example1,32,35,0.813953,1
1	11541	38	8	0	G		C		example1,32,38,0.826087,1
1	11609	28	4	0	C		G		example1,32,28,0.875,1
1	11838	27	7	0	G		T		example1,32,27,0.794118,1
1	11894	25	8	0	A		C		example1,32,25,0.757576,1
1	12299	31	11	0	C		G		example1,32,31,0.738095,1
1	12404	31	7	0	C		G		example1,32,31,0.815789,1
1	12660	31	14	0	C		A		example1,32,31,0.688889,1
1	12703	27	11	0	G		T		example1,32,27,0.710526,1
1	12841	33	10	0	A		C		example1,32,33,0.767442,1
1	13353	34	20	0	C		G		example1,32,34,0.62963,1
1	13507	34	7	0	T		A		example1,32,34,0.829268,1
1	13570	27	8	0	C		T		example1,32,27,0.771429,1
1	13830	24	11	0	A		T		example1,32,24,0.685714,1
1	14047	32	11	0	G		T		example1,32,32,0.744186,1
1	14270	26	13	0	A		T		example1,32,26,0.666667,1
1	14556	27	13	0	A		C		example1,32,27,0.675,1
1	15009	28	12	0	G		A		example1,32,28,0.7,1
1	15086	34	9	0	C		T		example1,32,34,0.790698,1
1	15198	28	14	0	T		G		example1,32,28,0.666667,1
1	15301	21	11	0	T		A		example1,32,21,0.65625,1
1	15323	17	12	0	G		A		example1,32,17,0.586207,1
1	15790	29	17	0	C		A		example1,32,29,0.630435,1
1	15944	27	18	0	G		C		example1,32,27,0.6,1
1	17628	21	12	0	C		A		example1,32,21,0.636364,1
1	17656	18	11	0	A		T		example1,32,18,0.62069,1
1	17997	19	18	0	G		T		example1,32,19,0.513514,1
1	18462	27	14	0	A		T		example1,32,27,0.658537,1
1	18556	23	17	0	C		A		example1,32,23,0.575,1
1	18560	23	18	0	G		C		example1,30,23,0.560976,1
1	18654	14	15	0	G		C		example1,32,14,0.482759,1
1	19475	18	19	0	T		A		example1,32,18,0.486486,1
1	19592	21	15	0	G		A		example1,32,21,0.583333,1
1	19722	18	20	0	G		A		example1,32,18,0.473684,1
1	19893	21	23	0	G		A		example1,32,21,0.477273,1
1	20112	22	18	0	C		G		example1,32,22,0.55,1
1	20161	22	14	0	C		A		example1,32,22,0.611111,1
1	20327	18	13	0	G		T		example1,32,18,0.580645,1
1	20559	16	22	0	G		A		example1,32,16,0.421053,1
1	20778	23	20	0	G		A		example1,32,23,0.534884,1
1	20821	23	21	0	A		G		example1,32,23,0.522727,1
1	20899	7	25	0	G		T		example1,20,7,0.21875,1
1	21273	14	21	0	G		A		example1,32,14,0.4,1
1	21388	18	15	0	G		A		example1,32,18,0.545455,1
1	21505	17	23	0	T		C		example1,32,17,0.425,1
1	21951	14	23	0	A		G		example1,32,14,0.378378,1
1	21972	14	20	0	A		T		example1,32,14,0.411765,1
1	22253	13	19	0	A		C		example1,32,13,0.40625,1
1	22716	17	18	0	T		C		example1,32,17,0.485714,1
1	22967	13	18	0	A		C		example1,32,13,0.419355,1
1	23102	21	14	0	C		A		example1,32,21,0.6,1
1	23132	16	14	0	G		A		example1,32,16,0.533333,1
1	23168	13	11	0	G		C		example1,32,13,0.541667,1
1	23781	21	24	0	G		T		example1,32,21,0.466667,1
1	23925	27	15	0	C		G		example1,32,27,0.642857,1
1	24178	14	16	0	C		T		example1,32,14,0.466667,1
1	24454	20	12	0	G		A		example1,32,20,0.625,1
1	24506	11	27	0	G		T		example1,24,11,0.289474,1
1	24618	19	21	0	T		A		example1,32,19,0.475,1
1	24822	22	15	0	C		A		example1,32,22,0.594595,1
1	25269	25	26	0	C		G		example1,32,25,0.490196,1
1	25377	20	17	0	G		A		example1,32,20,0.540541,1
1	25388	13	24	0	T		G		example1,30,13,0.351351,1
1	25430	16	20	0	G		T		example1,32,16,0.444444,1
1	25579	25	13	0	C		T		example1,32,25,0.657895,1
1	25647	24	17	0	A		G		example1,32,24,0.585366,1
1	25855	17	21	0	A		T		example1,32,17,0.447368,1
1	26922	19	21	0	T		G		example1,32,19,0.475,1
1	26946	22	14	0	G		T		example1,32,22,0.611111,1
1	27051	23	11	0	G		T		example1,32,23,0.676471,1
1	27084	14	18	0	T		G		example1,32,14,0.4375,1
1	27354	20	20	0	G		T		example1,32,20,0.5,1
1	27579	19	18	0	G		T		example1,32,19,0.513514,1
1	27681	20	17	0	C		T		example1,32,20,0.540541,1
1	28311	17	17	0	C		G		example1,32,17,0.5,1
1	28538	11	16	0	A		T		example1,32,11,0.407407,1
1	28553	14	19	0	C		T		example1,30,14,0.424242,1
1	28869	22	19	0	A		G		example1,32,22,0.536585,1
1	29313	24	14	0	A		C		example1,32,24,0.631579,1
1	29793	22	26	0	A		T		example1,32,22,0.458333,1
1	29871	21	21	0	G		T		example1,32,21,0.5,1
1	30084	14	19	0	T		C		example1,32,14,0.424242,1
1	30123	19	13	0	A		G		example1,32,19,0.59375,1
1	30199	13	20	0	C		A		example1,32,13,0.393939,1
1	30914	16	24	0	C		A		example1,32,16,0.4,1
1	31131	19	20	0	T		C		example1,32,19,0.487179,1
1	31149	22	20	0	G		T		example1,32,22,0.52381,1
1	31181	21	19	0	C		G		example1,32,21,0.525,1
1	31280	16	10	0	C		A		example1,32,16,0.615385,1
1	31560	13	16	0	C		A		example1,32,13,0.448276,1
1	31608	13	19	0	C		A		example1,32,13,0.40625,1
2	1307	20	20	0	A		C		example1,32,20,0.5,1
2	1385	16	22	0	G		A		example1,32,16,0.421053,1
2	1977	23	15	0	C		G		example1,32,23,0.605263,1
2	2277	13	14	0	A		G		example1,32,13,0.481481,1
2	2443	27	20	0	C		A		example1,32,27,0.574468,1
2	3509	24	16	0	G		C		example1,32,24,0.6,1
2	3645	23	20	0	C		T		example1,32,23,0.534884,1
2	3830	14	21	0	C		A		example1,32,14,0.4,1
2	3952	24	25	0	C		A		example1,32,24,0.489796,1
2	4658	22	28	0	A		C		example1,32,22,0.44,1
2	4876	26	15	0	A		G		example1,32,26,0.634146,1
2	4992	25	24	0	A		T		example1,32,25,0.510204,1
2	5217	21	16	0	C		A		example1,32,21,0.567568,1
2	5301	19	21	0	T		G		example1,32,19,0.475,1
2	5476	18	30	0	C		A		example1,32,18,0.375,1
2	5531	16	26	0	T		C		example1,32,16,0.380952,1
2	5853	17	16	0	A		G		example1,32,17,0.515152,1
2	6319	23	19	0	C		G		example1,32,23,0.547619,1
2	6624	27	17	0	A		G		example1,32,27,0.613636,1
2	6845	18	15	0	C		A		example1,32,18,0.545455,1
2	6936	15	17	0	A		T		example1,32,15,0.46875,1
2	7567	21	19	0	A		C		example1,32,21,0.525,1
2	7776	24	16	0	C		T		example1,32,24,0.6,1
2	7789	15	18	0	G		A		example1,32,15,0.454545,1
2	8050	31	22	0	C		G		example1,32,31,0.584906,1
2	8127	23	21	0	T		G		example1,32,23,0.522727,1
2	8137	28	16	0	T		C		example1,32,28,0.636364,1
2	8223	9	19	0	T		G		example1,28,9,0.321429,1
2	8284	17	15	0	C		A		example1,32,17,0.53125,1
2	8411	21	26	0	T		C		example1,32,21,0.446809,1
2	8511	24	16	0	A		G		example1,32,24,0.6,1
2	8685	28	19	0	G		T		example1,32,28,0.595745,1
2	8734	14	22	0	T		C		example1,32,14,0.388889,1
2	8801	24	23	0	T		A		example1,32,24,0.510638,1
2	8846	23	24	0	C		T		example1,32,23,0.489362,1
2	8902	23	19	0	C		T		example1,32,23,0.547619,1
2	9152	20	23	0	T		C		example1,32,20,0.465116,1
2	9389	33	20	0	T		A		example1,32,33,0.622642,1
2	9551	25	27	0	C		T		example1,32,25,0.480769,1
2	9565	26	23	0	A		C		example1,32,26,0.530612,1
2	10382	23	25	0	C		T		example1,32,23,0.479167,1
2	10736	21	24	0	C		A		example1,32,21,0.466667,1
2	11336	20	30	0	C		A		example1,32,20,0.4,1
2	11353	22	27	0	G		T		example1,32,22,0.44898,1
2	11558	21	25	0	G		C		example1,32,21,0.456522,1
2	13478	16	34	0	A		C		example1,30,14,0.388889,1.28
2	13519	14	27	0	A		C		example1,32,13,0.361111,1.12195
2	13530	16	25	0	A		C		example1,32,15,0.416667,1.12195
2	13597	21	25	0	G		C		example1,32,20,0.465116,1.06522
2	14127	26	21	0	T		C		example1,32,26,0.553191,1
2	14161	31	18	0	G		T		example1,32,31,0.632653,1
2	14289	20	31	0	A		T		example1,32,20,0.434783,1.19608
2	14374	22	26	0	G		A		example1,32,22,0.458333,1
2	14490	18	34	0	G		A		example1,30,16,0.4,1.23077
2	14600	21	20	0	A		T		example1,32,21,0.512195,1
2	15127	19	27	0	T		G		example1,32,17,0.404762,1.08696
2	16165	23	29	0	T		G		example1,30,20,0.526316,1.26923
2	16222	31	24	0	G		A		example1,32,31,0.563636,1
2	16267	29	26	0	G		C		example1,32,29,0.527273,1
2	16476	17	35	0	C		G		example1,28,12,0.342857,1.32692
2	17693	24	24	0	G		T		example1,30,21,0.583333,1.25
2	17715	18	30	0	T		A		example1,30,16,0.444444,1.25
2	17753	19	36	0	C		T		example1,32,18,0.375,1.12727
2	17755	26	27	0	T		C		example1,32,25,0.510204,1.07547
2	18201	22	46	0	G		T		example1,25,8,0.421053,1.72059
2	18559	14	25	0	T		G		example1,32,14,0.358974,1
2	18928	30	28	0	C		A		example1,32,30,0.517241,1
2	19318	19	22	0	A		C		example1,32,19,0.463415,1
2	19323	23	18	0	C		A		example1,32,23,0.560976,1
2	19353	22	34	0	C		T		example1,30,21,0.5,1.25
2	19509	15	24	0	C		A		example1,32,15,0.384615,1
2	19887	18	23	0	C		A		example1,32,18,0.439024,1
2	19942	21	37	0	T		C		example1,25,11,0.55,1.65517
2	21897	22	32	0	C		T		example1,32,21,0.466667,1.16667
2	22434	25	9	0	C		G		example1,32,25,0.735294,1
2	22844	20	60	0	T		A		example1,16,4,0.333333,1.85
2	23227	19	55	0	A		G		example1,11,2,0.333333,2.05405
2	24193	21	18	0	T		C		example1,32,21,0.538462,1
2	24470	14	46	0	G		A		example1,25,10,0.4,1.58333
2	24825	20	16	0	G		C		example1,32,20,0.555556,1
2	26256	23	15	0	C		T		example1,32,23,0.605263,1
2	26438	17	32	0	C		G		example1,28,17,0.346939,1
