1	299	T	25	7	0	0	18	0	0	1	1.2	2	T	24	7	0	0	17	0	0	1	1.20833	2	T	25	7	0	0	18	0	0	1.2	2	T	24	7	0	0	17	0	0	1.20833	2	A	35	7	36.8453	43	28	0	0	0	0	43	35	25	0	17	8	0	0	0	0	0
1	340	G	39	0	0	27	12	0	0	1	1	7	G	36	0	0	25	11	0	0	1	1.02778	6	G	39	0	0	27	12	0	0	1	7	G	36	0	0	25	11	0	0	1.02778	6	T	35	7	36.8453	0	0	0	0	43	36	43	38	39	0	23	16	0	0	0	0	0
1	586	C	38	0	32	0	6	0	0	1	0.842105	6	C	31	0	26	0	5	0	0	1	0.83871	5	C	38	0	32	0	6	0	0	0.842105	6	C	31	0	26	0	5	0	0	0.83871	5	T	35	6	36.8453	0	0	43	35	0	0	43	10	38	0	17	21	0	0	0	0	0
1	738	C	44	0	39	0	5	0	0	1	1	5	C	37	0	32	0	5	0	0	1	0.891892	5	C	44	0	39	0	5	0	0	1	5	C	37	0	32	0	5	0	0	0.891892	5	T	29	7	36.8805	0	0	43	28	0	0	43	27	44	0	23	21	0	0	0	0	0
1	827	A	42	34	0	0	8	0	0	1	0.97619	6	A	40	32	0	0	8	0	0	1	0.95	6	A	42	34	0	0	8	0	0	0.97619	6	A	40	32	0	0	8	0	0	0.95	6	T	35	6	36.8453	43	38	0	0	0	0	43	33	42	0	24	18	0	0	0	0	0
1	925	C	51	8	43	0	0	0	0	1	0.843137	8	C	42	6	36	0	0	0	0	1	0.857143	6	C	51	8	43	0	0	0	0	0.843137	8	C	42	6	36	0	0	0	0	0.857143	6	A	29	6	36.8805	43	32	43	38	0	0	0	0	51	0	27	24	0	0	0	0	0
1	1314	T	42	0	4	0	38	0	0	1	0.904762	4	T	37	0	4	0	33	0	0	1	0.891892	4	T	42	0	4	0	38	0	0	0.904762	4	T	37	0	4	0	33	0	0	0.891892	4	C	28	7	37.1575	0	0	43	10	0	0	43	38	42	0	19	23	0	0	0	0	0
1	1597	T	39	0	0	3	36	0	0	1	0.923077	3	T	35	0	0	2	33	0	0	1	0.942857	2	T	39	0	0	3	36	0	0	0.923077	3	T	35	0	0	2	33	0	0	0.942857	2	G	37	6	36.8063	0	0	0	0	43	10	43	33	39	0	15	24	0	0	0	0	0
1	1707	C	38	0	32	0	6	0	0	1	0.842105	6	C	36	0	30	0	6	0	0	1	0.833333	6	C	38	0	32	0	6	0	0	0.842105	6	C	36	0	30	0	6	0	0	0.833333	6	T	32	8	36.4154	0	0	43	38	0	0	43	10	38	0	21	17	0	0	0	0	0
1	2030	T	43	0	2	0	41	0	0	1	0.953488	2	T	36	0	2	0	34	0	0	1	0.944444	2	T	43	0	2	0	41	0	0	0.953488	2	T	36	0	2	0	34	0	0	0.944444	2	C	28	7	37.1575	0	0	43	10	0	0	43	38	43	0	22	21	0	0	0	0	0
1	2932	A	23	21	2	0	0	0	0	1	0.913043	2	A	23	21	2	0	0	0	0	1	0.913043	2	A	23	21	2	0	0	0	0	0.913043	2	A	23	21	2	0	0	0	0	0.913043	2	C	39	6	35.607	43	37	43	10	0	0	0	0	23	0	9	14	0	0	0	0	0
1	3224	A	35	34	0	0	1	0	0	1	0.971429	1	A	33	32	0	0	1	0	0	1	0.969697	1	A	35	34	0	0	1	0	0	0.971429	1	A	33	32	0	0	1	0	0	0.969697	1	T	27	6	37.4685	43	36	0	0	0	0	43	10	35	0	19	16	0	0	0	0	0
1	3352	A	45	44	0	1	0	0	0	1	1.73333	1	A	38	37	0	1	0	0	0	1	1.76316	1	A	45	44	0	1	0	0	0	1.73333	1	A	38	37	0	1	0	0	0	1.76316	1	G	19	8	37.024	43	38	0	0	43	10	0	0	45	0	20	25	0	0	0	0	0
1	3369	T	41	0	0	0	41	0	0	1	1.82927	0	T	33	0	0	0	33	0	0	1	1.93939	0	T	41	0	0	0	41	0	0	1.82927	0	T	33	0	0	0	33	0	0	1.93939	0	G	17	6	35.3125	0	0	0	0	0	0	43	37	41	0	23	18	0	0	0	0	0
1	3792	C	34	0	34	0	0	0	0	1	1	0	C	32	0	32	0	0	0	0	1	1	0	C	34	0	34	0	0	0	0	1	0	C	32	0	32	0	0	0	0	1	0	G	49	6	39.752	0	0	43	34	0	0	0	0	34	0	19	15	0	0	0	0	0
1	3989	G	40	0	0	40	0	0	0	1	1.2	0	G	38	0	0	38	0	0	0	1	1.15789	0	G	40	0	0	40	0	0	0	1.2	0	G	38	0	0	38	0	0	0	1.15789	0	T	33	4	36.4822	0	0	0	0	43	38	0	0	40	0	18	22	0	0	0	0	0
1	4067	A	39	39	0	0	0	0	0	1	1.4359	0	A	38	38	0	0	0	0	0	1	1.42105	0	A	39	39	0	0	0	0	0	1.4359	0	A	38	38	0	0	0	0	0	1.42105	0	C	45	8	38.4356	43	33	0	0	0	0	0	0	39	0	19	20	0	0	0	0	0
1	4137	A	25	25	0	0	0	0	0	1	1.36	0	A	20	20	0	0	0	0	0	1	1.2	0	A	25	25	0	0	0	0	0	1.36	0	A	20	20	0	0	0	0	0	1.2	0	G	45	6	38.4356	43	10	0	0	0	0	0	0	25	0	11	14	0	0	0	0	0
1	5176	A	32	32	0	0	0	0	0	1	1	0	A	30	30	0	0	0	0	0	1	1	0	A	32	32	0	0	0	0	0	1	0	A	30	30	0	0	0	0	0	1	0	T	41	8	36.2857	43	37	0	0	0	0	0	0	32	0	17	15	0	0	0	0	0
1	5585	G	40	0	0	40	0	0	0	1	1.4	0	G	35	0	0	35	0	0	0	1	1.22857	0	G	40	0	0	40	0	0	0	1.4	0	G	35	0	0	35	0	0	0	1.22857	0	C	40	5	36.7643	0	0	0	0	43	38	0	0	40	0	14	26	0	0	0	0	0
1	5653	G	35	0	0	35	0	0	0	1	2.2	0	G	32	0	0	32	0	0	0	1	2.21875	0	G	35	0	0	35	0	0	0	2.2	0	G	32	0	0	32	0	0	0	2.21875	0	C	29	7	36.8805	0	0	0	0	43	37	0	0	35	0	19	16	0	0	0	0	0
1	5656	T	33	0	0	0	33	0	0	1	2.21212	0	T	33	0	0	0	33	0	0	1	2.21212	0	T	33	0	0	0	33	0	0	2.21212	0	T	33	0	0	0	33	0	0	2.21212	0	A	30	7	36.5126	0	0	0	0	0	0	43	37	33	0	17	16	0	0	0	0	0
1	5872	T	41	1	0	0	40	0	0	1	0.97561	1	T	39	1	0	0	38	0	0	1	0.974359	1	T	41	1	0	0	40	0	0	0.97561	1	T	39	1	0	0	38	0	0	0.974359	1	A	27	6	37.4685	43	10	0	0	0	0	43	33	41	0	28	13	0	0	0	0	0
1	6378	A	34	32	0	0	2	0	0	1	0.941176	2	A	32	30	0	0	2	0	0	1	0.9375	2	A	34	32	0	0	2	0	0	0.941176	2	A	32	30	0	0	2	0	0	0.9375	2	T	27	7	37.4685	43	37	0	0	0	0	43	35	34	0	18	16	0	0	0	0	0
1	6487	A	37	36	0	1	0	0	0	1	0.972973	1	A	35	34	0	1	0	0	0	1	0.971429	1	A	37	36	0	1	0	0	0	0.972973	1	A	35	34	0	1	0	0	0	0.971429	1	G	49	7	39.752	43	38	0	0	43	10	0	0	37	0	20	17	0	0	0	0	0
1	6866	G	44	1	0	43	0	0	0	1	0.977273	1	G	40	1	0	39	0	0	0	1	0.975	1	G	44	1	0	43	0	0	0	0.977273	1	G	40	1	0	39	0	0	0	0.975	1	A	33	7	36.4822	43	33	0	0	43	38	0	0	44	0	14	30	0	0	0	0	0
1	6975	A	32	31	0	0	1	0	0	1	0.96875	1	A	32	31	0	0	1	0	0	1	0.96875	1	A	32	31	0	0	1	0	0	0.96875	1	A	32	31	0	0	1	0	0	0.96875	1	T	35	6	36.8453	43	36	0	0	0	0	43	28	32	0	16	16	0	0	0	0	0
1	7121	T	36	2	0	0	34	0	0	1	1.91667	0	T	31	2	0	0	29	0	0	1	1.90323	0	T	36	2	0	0	34	0	0	1.91667	0	T	31	2	0	0	29	0	0	1.90323	0	A	34	4	36.3285	43	36	0	0	0	0	43	34	36	0	19	17	0	0	0	0	0
1	7122	C	36	1	35	0	0	0	0	1	1.91667	0	C	31	1	30	0	0	0	0	1	1.90323	0	C	36	1	35	0	0	0	0	1.91667	0	C	31	1	30	0	0	0	0	1.90323	0	A	34	4	36.3285	43	10	43	36	0	0	0	0	36	0	18	18	0	0	0	0	0
1	7236	C	33	0	32	0	1	0	0	1	0.969697	1	C	28	0	27	0	1	0	0	1	0.964286	1	C	33	0	32	0	1	0	0	0.969697	1	C	28	0	27	0	1	0	0	0.964286	1	T	32	7	36.4154	0	0	43	38	0	0	43	10	33	0	18	15	0	0	0	0	0
1	7551	C	33	1	32	0	0	0	0	1	0.969697	1	C	29	0	29	0	0	0	0	1	1	0	C	33	1	32	0	0	0	0	0.969697	1	C	29	0	29	0	0	0	0	1	0	A	36	3	36.6046	43	10	43	37	0	0	0	0	33	0	15	18	0	0	0	0	0
1	7691	T	32	2	0	0	30	0	0	1	0.9375	2	T	27	1	0	0	26	0	0	1	0.962963	1	T	32	2	0	0	30	0	0	0.9375	2	T	27	1	0	0	26	0	0	0.962963	1	A	27	8	37.4685	43	10	0	0	0	0	43	38	32	0	20	12	0	0	0	0	0
1	8021	G	36	0	1	35	0	0	0	1	0.972222	1	G	33	0	1	32	0	0	0	1	0.969697	1	G	36	0	1	35	0	0	0	0.972222	1	G	33	0	1	32	0	0	0	0.969697	1	C	37	6	36.8063	0	0	43	27	43	36	0	0	36	0	20	16	0	0	0	0	0
1	8409	T	34	4	0	0	30	0	0	1	0.882353	4	T	29	3	0	0	26	0	0	1	0.896552	3	T	34	4	0	0	30	0	0	0.882353	4	T	29	3	0	0	26	0	0	0.896552	3	A	39	8	35.607	43	10	0	0	0	0	43	37	34	0	16	18	0	0	0	0	0
1	8832	A	38	34	0	4	0	0	0	1	0.894737	4	A	36	33	0	3	0	0	0	1	0.916667	3	A	38	34	0	4	0	0	0	0.894737	4	A	36	33	0	3	0	0	0	0.916667	3	G	31	8	36.8485	43	37	0	0	43	10	0	0	38	0	14	24	0	0	0	0	0
1	8961	C	30	0	26	0	4	0	0	1	0.866667	4	C	28	0	24	0	4	0	0	1	0.857143	4	C	30	0	26	0	4	0	0	0.866667	4	C	28	0	24	0	4	0	0	0.857143	4	T	28	7	37.1575	0	0	43	35	0	0	43	10	30	0	15	15	0	0	0	0	0
1	9065	C	36	0	34	0	2	0	0	1	2.22222	0	C	32	0	30	0	2	0	0	1	2.1875	0	C	36	0	34	0	2	0	0	2.22222	0	C	32	0	30	0	2	0	0	2.1875	0	T	32	8	36.4154	0	0	43	38	0	0	43	10	36	0	20	16	0	0	0	0	0
1	9093	G	33	0	0	32	1	0	0	1	2.48485	0	G	28	0	0	27	1	0	0	1	2.64286	0	G	33	0	0	32	1	0	0	2.48485	0	G	28	0	0	27	1	0	0	2.64286	0	T	23	7	35.6975	0	0	0	0	43	37	43	10	33	0	17	16	0	0	0	0	0
1	9107	C	33	0	29	4	0	0	0	1	2.42424	0	C	27	0	23	4	0	0	0	1	2.51852	0	C	33	0	29	4	0	0	0	2.42424	0	C	27	0	23	4	0	0	0	2.51852	0	G	26	8	37.0729	0	0	43	35	43	10	0	0	33	0	14	19	0	0	0	0	0
1	9393	C	38	5	33	0	0	0	0	1	0.868421	5	C	33	4	29	0	0	0	0	1	0.878788	4	C	38	5	33	0	0	0	0	0.868421	5	C	33	4	29	0	0	0	0	0.878788	4	A	27	8	37.4685	43	10	43	38	0	0	0	0	38	0	15	23	0	0	0	0	0
1	9668	G	36	0	0	30	6	0	0	1	0.833333	6	G	34	0	0	29	5	0	0	1	0.852941	5	G	36	0	0	30	6	0	0	0.833333	6	G	34	0	0	29	5	0	0	0.852941	5	T	28	7	37.1575	0	0	0	0	43	37	43	10	36	0	21	15	0	0	0	0	0
1	10377	A	26	20	0	0	6	0	0	1	1.30769	3	A	24	20	0	0	4	0	0	1	1.41667	1	A	26	20	0	0	6	0	0	1.30769	3	A	24	20	0	0	4	0	0	1.41667	1	T	31	8	36.8485	43	38	0	0	0	0	43	32	26	0	15	11	0	0	0	0	0
1	10425	G	32	0	0	30	2	0	0	1	1.28125	2	G	29	0	0	27	2	0	0	1	1.27586	2	G	32	0	0	30	2	0	0	1.28125	2	G	29	0	0	27	2	0	0	1.27586	2	T	30	8	36.5126	0	0	0	0	43	36	43	10	32	0	17	15	0	0	0	0	0
1	10732	T	36	0	5	0	31	0	0	1	0.861111	5	T	32	0	5	0	27	0	0	1	0.84375	5	T	36	0	5	0	31	0	0	0.861111	5	T	32	0	5	0	27	0	0	0.84375	5	C	34	8	36.3285	0	0	43	10	0	0	43	36	36	0	21	15	0	0	0	0	0
1	10884	C	51	0	46	0	5	0	0	1	1.27451	2	C	48	0	44	0	4	0	0	1	1.3125	1	C	51	0	46	0	5	0	0	1.27451	2	C	48	0	44	0	4	0	0	1.3125	1	T	25	3	36.651	0	0	43	37	0	0	43	34	51	0	26	25	0	0	0	0	0
1	10940	G	37	0	0	33	4	0	0	1	1.62162	1	G	35	0	0	31	4	0	0	1	1.6	1	G	37	0	0	33	4	0	0	1.62162	1	G	35	0	0	31	4	0	0	1.6	1	T	31	8	36.8485	0	0	0	0	43	38	43	37	37	0	13	24	0	0	0	0	0
1	11019	C	26	3	23	0	0	0	0	1	1.19231	3	C	22	3	19	0	0	0	0	1	1.09091	3	C	26	3	23	0	0	0	0	1.19231	3	C	22	3	19	0	0	0	0	1.09091	3	A	28	7	37.1575	43	10	43	33	0	0	0	0	26	0	14	12	0	0	0	0	0
1	11476	G	44	0	0	38	6	0	0	1	1.88636	2	G	39	0	0	34	5	0	0	1	1.84615	1	G	44	0	0	38	6	0	0	1.88636	2	G	39	0	0	34	5	0	0	1.84615	1	T	32	7	36.4154	0	0	0	0	43	37	43	10	44	0	27	17	0	0	0	0	0
1	11506	C	43	0	35	0	8	0	0	1	2.06977	1	C	40	0	33	0	7	0	0	1	2.1	1	C	43	0	35	0	8	0	0	2.06977	1	C	40	0	33	0	7	0	0	2.1	1	T	33	8	36.4822	0	0	43	38	0	0	43	10	43	0	23	20	0	0	0	0	0
1	11541	G	46	0	8	38	0	0	0	1	2.08696	1	G	43	0	8	35	0	0	0	1	2.06977	1	G	46	0	8	38	0	0	0	2.08696	1	G	43	0	8	35	0	0	0	2.06977	1	C	34	6	36.3285	0	0	43	28	43	35	0	0	46	0	18	28	0	0	0	0	0
1	11609	C	32	0	28	4	0	0	0	1	1.25	2	C	28	0	24	4	0	0	0	1	1.17857	2	C	32	0	28	4	0	0	0	1.25	2	C	28	0	24	4	0	0	0	1.17857	2	G	25	8	36.651	0	0	43	35	43	10	0	0	32	0	16	16	0	0	0	0	0
1	11838	G	34	0	0	27	7	0	0	1	1.05882	5	G	32	0	0	25	7	0	0	1	1.03125	5	G	34	0	0	27	7	0	0	1.05882	5	G	32	0	0	25	7	0	0	1.03125	5	T	28	5	37.1575	0	0	0	0	43	36	43	27	34	0	16	18	0	0	0	0	0
1	11894	A	33	25	8	0	0	0	0	1	1.06061	5	A	29	23	6	0	0	0	0	1	1.10345	4	A	33	25	8	0	0	0	0	1.06061	5	A	29	23	6	0	0	0	0	1.10345	4	C	37	6	36.8063	43	30	43	10	0	0	0	0	33	0	19	14	0	0	0	0	0
1	12299	C	42	0	31	11	0	0	0	1	0.738095	11	C	36	0	29	7	0	0	0	1	0.805556	7	C	42	0	31	11	0	0	0	0.738095	11	C	36	0	29	7	0	0	0	0.805556	7	G	47	7	40.8436	0	0	43	35	43	30	0	0	42	0	19	23	0	0	0	0	0
1	12404	C	38	0	31	7	0	0	0	1	0.815789	7	C	36	0	30	6	0	0	0	1	0.833333	6	C	38	0	31	7	0	0	0	0.815789	7	C	36	0	30	6	0	0	0	0.833333	6	G	40	6	36.7643	0	0	43	33	43	10	0	0	38	0	22	16	0	0	0	0	0
1	12660	C	45	14	31	0	0	0	0	1	1	9	C	41	13	28	0	0	0	0	1	1	9	C	45	14	31	0	0	0	0	1	9	C	41	13	28	0	0	0	0	1	9	A	48	7	40.5349	43	38	43	30	0	0	0	0	45	0	20	25	0	0	0	0	0
1	12703	G	38	0	0	27	11	0	0	1	1.07895	6	G	34	0	0	24	10	0	0	1	1.05882	6	G	38	0	0	27	11	0	0	1.07895	6	G	34	0	0	24	10	0	0	1.05882	6	T	49	8	39.752	0	0	0	0	43	34	43	36	38	0	21	17	0	0	0	0	0
1	12841	A	43	33	10	0	0	0	0	1	0.767442	10	A	38	28	10	0	0	0	0	1	0.736842	10	A	43	33	10	0	0	0	0	0.767442	10	A	38	28	10	0	0	0	0	0.736842	10	C	51	7	39.465	43	36	43	28	0	0	0	0	43	0	23	20	0	0	0	0	0
1	13353	C	54	0	34	20	0	0	0	1	0.62963	20	C	45	0	28	17	0	0	0	1	0.622222	17	C	54	0	34	20	0	0	0	0.62963	20	C	45	0	28	17	0	0	0	0.622222	17	G	36	4	36.6046	0	0	43	38	43	29	0	0	54	0	27	27	0	0	0	0	0
1	13507	T	41	7	0	0	34	0	0	1	1.19512	3	T	40	7	0	0	33	0	0	1	1.2	3	T	41	7	0	0	34	0	0	1.19512	3	T	40	7	0	0	33	0	0	1.2	3	A	32	7	36.4154	43	38	0	0	0	0	43	38	41	0	23	18	0	0	0	0	0
1	13570	C	35	0	27	0	8	0	0	1	1.17143	5	C	28	0	22	0	6	0	0	1	1.10714	4	C	35	0	27	0	8	0	0	1.17143	5	C	28	0	22	0	6	0	0	1.10714	4	T	37	8	36.8063	0	0	43	37	0	0	43	10	35	0	15	20	0	0	0	0	0
1	13830	A	35	24	0	0	11	0	0	1	0.685714	11	A	31	21	0	0	10	0	0	1	0.677419	10	A	35	24	0	0	11	0	0	0.685714	11	A	31	21	0	0	10	0	0	0.677419	10	T	30	8	36.5126	43	36	0	0	0	0	43	36	35	0	14	21	0	0	0	0	0
1	14047	G	43	0	0	32	11	0	0	1	0.744186	11	G	39	0	0	28	11	0	0	1	0.717949	11	G	43	0	0	32	11	0	0	0.744186	11	G	39	0	0	28	11	0	0	0.717949	11	T	29	7	36.8805	0	0	0	0	43	35	43	31	43	0	20	23	0	0	0	0	0
1	14270	A	39	26	0	0	13	0	0	1	0.666667	13	A	34	22	0	0	12	0	0	1	0.647059	12	A	39	26	0	0	13	0	0	0.666667	13	A	34	22	0	0	12	0	0	0.647059	12	T	37	7	36.8063	43	27	0	0	0	0	43	35	39	0	20	19	0	0	0	0	0
1	14556	A	40	27	13	0	0	0	0	1	0.675	13	A	34	22	12	0	0	0	0	1	0.647059	12	A	40	27	13	0	0	0	0	0.675	13	A	34	22	12	0	0	0	0	0.647059	12	C	32	8	36.4154	43	33	43	36	0	0	0	0	40	0	23	17	0	0	0	0	0
1	15009	G	40	12	0	28	0	0	0	1	0.95	10	G	33	10	0	23	0	0	0	1	0.909091	9	G	40	12	0	28	0	0	0	0.95	10	G	33	10	0	23	0	0	0	0.909091	9	A	25	7	36.651	43	29	0	0	43	33	0	0	40	0	22	18	0	0	0	0	0
1	15086	C	43	0	34	0	9	0	0	1	1	8	C	38	0	30	0	8	0	0	1	0.947368	7	C	43	0	34	0	9	0	0	1	8	C	38	0	30	0	8	0	0	0.947368	7	T	26	8	37.0729	0	0	43	36	0	0	43	36	43	0	20	23	0	0	0	0	0
1	15198	T	42	0	0	14	28	0	0	1	0.666667	14	T	37	0	0	12	25	0	0	1	0.675676	12	T	42	0	0	14	28	0	0	0.666667	14	T	37	0	0	12	25	0	0	0.675676	12	G	32	8	36.4154	0	0	0	0	43	31	43	35	42	0	27	15	0	0	0	0	0
1	15301	T	32	11	0	0	21	0	0	1	0.9375	9	T	25	8	0	0	17	0	0	1	0.88	7	T	32	11	0	0	21	0	0	0.9375	9	T	25	8	0	0	17	0	0	0.88	7	A	20	5	35.9796	43	38	0	0	0	0	43	36	32	0	15	17	0	0	0	0	0
1	15323	G	29	12	0	17	0	0	0	1	1.17241	2	G	27	12	0	15	0	0	0	1	1.18519	2	G	29	12	0	17	0	0	0	1.17241	2	G	27	12	0	15	0	0	0	1.18519	2	A	25	7	36.651	43	10	0	0	43	33	0	0	29	0	17	12	0	0	0	0	0
1	15790	C	46	17	29	0	0	0	0	1	0.630435	17	C	41	15	26	0	0	0	0	1	0.634146	15	C	46	17	29	0	0	0	0	0.630435	17	C	41	15	26	0	0	0	0	0.634146	15	A	30	6	36.5126	43	32	43	35	0	0	0	0	46	0	28	18	0	0	0	0	0
1	15944	G	45	0	18	27	0	0	0	1	0.6	18	G	39	0	15	24	0	0	0	1	0.615385	15	G	45	0	18	27	0	0	0	0.6	18	G	39	0	15	24	0	0	0	0.615385	15	C	35	6	36.8453	0	0	43	30	43	38	0	0	45	0	27	18	0	0	0	0	0
1	17628	C	33	12	21	0	0	0	0	1	1	6	C	30	10	20	0	0	0	0	1	0.966667	6	C	33	12	21	0	0	0	0	1	6	C	30	10	20	0	0	0	0	0.966667	6	A	25	7	36.651	43	10	43	36	0	0	0	0	33	0	15	18	0	0	0	0	0
1	17656	A	29	18	0	0	11	0	0	1	1.03448	5	A	26	16	0	0	10	0	0	1	1.07692	4	A	29	18	0	0	11	0	0	1.03448	5	A	26	16	0	0	10	0	0	1.07692	4	T	25	6	36.651	43	38	0	0	0	0	43	10	29	0	15	14	0	0	0	0	0
1	17997	G	37	0	0	19	18	0	0	1	0.513514	18	G	34	0	0	19	15	0	0	1	0.558824	15	G	37	0	0	19	18	0	0	0.513514	18	G	34	0	0	19	15	0	0	0.558824	15	T	17	5	35.3125	0	0	0	0	43	10	43	33	37	0	21	16	0	0	0	0	0
1	18462	A	41	27	0	0	14	0	0	1	0.682927	14	A	37	24	0	0	13	0	0	1	0.648649	13	A	41	27	0	0	14	0	0	0.682927	14	A	37	24	0	0	13	0	0	0.648649	13	T	38	7	36.1133	43	36	0	0	0	0	43	38	41	0	17	24	0	0	0	0	0
1	18556	C	40	17	23	0	0	0	0	1	1.15	10	C	39	17	22	0	0	0	0	1	1.15385	10	C	40	17	23	0	0	0	0	1.15	10	C	39	17	22	0	0	0	0	1.15385	10	A	19	4	37.024	43	28	43	36	0	0	0	0	40	0	22	18	0	0	0	0	0
1	18560	G	41	0	18	23	0	0	0	1	1.14634	10	G	37	0	17	20	0	0	0	1	1.13514	9	G	41	0	18	23	0	0	0	1.14634	10	G	37	0	17	20	0	0	0	1.13514	9	C	19	2	37.024	0	0	43	37	43	30	0	0	41	0	18	23	0	0	0	0	0
1	18654	C	29	0	15	14	0	0	0	1	0.517241	14	C	25	0	14	11	0	0	0	1	0.44	14	C	29	0	15	14	0	0	0	0.517241	14	C	25	0	14	11	0	0	0	0.44	14	C	20	7	35.9796	0	0	43	38	43	38	0	0	29	0	18	11	0	0	0	0	0
1	19475	A	37	19	0	0	18	0	0	1	0.486486	19	A	37	19	0	0	18	0	0	1	0.486486	19	A	37	19	0	0	18	0	0	0.486486	19	A	37	19	0	0	18	0	0	0.486486	19	A	27	6	37.4685	43	38	0	0	0	0	43	36	37	0	16	21	0	0	0	0	0
1	19592	G	36	15	0	21	0	0	0	1	0.583333	15	G	35	14	0	21	0	0	0	1	0.6	14	G	36	15	0	21	0	0	0	0.583333	15	G	35	14	0	21	0	0	0	0.6	14	A	22	7	35.5188	43	10	0	0	43	35	0	0	36	0	22	14	0	0	0	0	0
1	19722	A	38	20	0	18	0	0	0	1	0.473684	20	A	36	19	0	17	0	0	0	1	0.472222	19	A	38	20	0	18	0	0	0	0.473684	20	A	36	19	0	17	0	0	0	0.472222	19	A	29	7	36.8805	43	37	0	0	43	38	0	0	38	0	11	27	0	0	0	0	0
1	19893	A	44	23	0	21	0	0	0	1	0.477273	23	A	39	20	0	19	0	0	0	1	0.487179	20	A	44	23	0	21	0	0	0	0.477273	23	A	39	20	0	19	0	0	0	0.487179	20	A	29	7	36.8805	43	38	0	0	43	37	0	0	44	0	26	18	0	0	0	0	0
1	20112	C	40	0	22	18	0	0	0	1	0.825	11	C	34	0	19	15	0	0	0	1	0.823529	9	C	40	0	22	18	0	0	0	0.825	11	C	34	0	19	15	0	0	0	0.823529	9	G	31	6	36.8485	0	0	43	36	43	38	0	0	40	0	16	24	0	0	0	0	0
1	20161	C	36	14	22	0	0	0	0	1	0.777778	12	C	32	12	20	0	0	0	0	1	0.78125	10	C	36	14	22	0	0	0	0	0.777778	12	C	32	12	20	0	0	0	0	0.78125	10	A	19	5	37.024	43	33	43	36	0	0	0	0	36	0	20	16	0	0	0	0	0
1	20327	G	31	0	0	18	13	0	0	1	0.580645	13	G	29	0	0	17	12	0	0	1	0.586207	12	G	31	0	0	18	13	0	0	0.580645	13	G	29	0	0	17	12	0	0	0.586207	12	T	41	8	36.2857	0	0	0	0	43	32	43	37	31	0	20	11	0	0	0	0	0
1	20559	A	38	22	0	16	0	0	0	1	0.421053	22	A	34	19	0	15	0	0	0	1	0.441176	19	A	38	22	0	16	0	0	0	0.421053	22	A	34	19	0	15	0	0	0	0.441176	19	A	20	8	35.9796	43	27	0	0	43	35	0	0	38	0	20	18	0	0	0	0	0
1	20778	G	43	20	0	23	0	0	0	1	0.906977	10	G	40	18	0	22	0	0	0	1	0.9	10	G	43	20	0	23	0	0	0	0.906977	10	G	40	18	0	22	0	0	0	0.9	10	A	19	6	37.024	43	38	0	0	43	37	0	0	43	0	22	21	0	0	0	0	0
1	20821	A	44	23	0	21	0	0	0	1	0.795455	16	A	41	22	0	19	0	0	0	1	0.804878	15	A	44	23	0	21	0	0	0	0.795455	16	A	41	22	0	19	0	0	0	0.804878	15	G	19	8	37.024	43	37	0	0	43	38	0	0	44	0	24	20	0	0	0	0	0
1	20899	T	32	0	0	7	25	0	0	1	0.375	21	T	28	0	0	5	23	0	0	1	0.285714	20	T	32	0	0	7	25	0	0	0.375	21	T	28	0	0	5	23	0	0	0.285714	20	T	35	7	36.8453	0	0	0	0	43	30	43	10	32	0	12	20	0	0	0	0	0
1	21273	A	35	21	0	14	0	0	0	1	0.4	21	A	30	17	0	13	0	0	0	1	0.433333	17	A	35	21	0	14	0	0	0	0.4	21	A	30	17	0	13	0	0	0	0.433333	17	A	37	8	36.8063	43	34	0	0	43	10	0	0	35	0	17	18	0	0	0	0	0
1	21388	G	33	15	0	18	0	0	0	1	0.545455	15	G	30	13	0	17	0	0	0	1	0.566667	13	G	33	15	0	18	0	0	0	0.545455	15	G	30	13	0	17	0	0	0	0.566667	13	A	39	6	35.607	43	36	0	0	43	37	0	0	33	0	18	15	0	0	0	0	0
1	21505	C	40	0	23	0	17	0	0	1	0.425	23	C	38	0	23	0	15	0	0	1	0.394737	23	C	40	0	23	0	17	0	0	0.425	23	C	38	0	23	0	15	0	0	0.394737	23	C	38	7	36.1133	0	0	43	34	0	0	43	32	40	0	17	23	0	0	0	0	0
1	21951	G	37	14	0	23	0	0	0	1	0.648649	17	G	35	14	0	21	0	0	0	1	0.685714	15	G	37	14	0	23	0	0	0	0.648649	17	G	35	14	0	21	0	0	0	0.685714	15	G	34	7	36.3285	43	38	0	0	43	35	0	0	37	0	12	25	0	0	0	0	0
1	21972	T	34	14	0	0	20	0	0	1	0.735294	13	T	32	12	0	0	20	0	0	1	0.6875	13	T	34	14	0	0	20	0	0	0.735294	13	T	32	12	0	0	20	0	0	0.6875	13	T	34	7	36.3285	43	37	0	0	0	0	43	38	34	0	11	23	0	0	0	0	0
1	22253	C	32	13	19	0	0	0	0	1	0.40625	19	C	28	11	17	0	0	0	0	1	0.392857	17	C	32	13	19	0	0	0	0	0.40625	19	C	28	11	17	0	0	0	0	0.392857	17	C	36	6	36.6046	43	33	43	33	0	0	0	0	32	0	18	14	0	0	0	0	0
1	22716	C	35	0	18	0	17	0	0	1	0.485714	18	C	31	0	17	0	14	0	0	1	0.451613	17	C	35	0	18	0	17	0	0	0.485714	18	C	31	0	17	0	14	0	0	0.451613	17	C	35	6	36.8453	0	0	43	35	0	0	43	38	35	0	19	16	0	0	0	0	0
1	22967	C	31	13	18	0	0	0	0	1	0.419355	18	C	29	12	17	0	0	0	0	1	0.413793	17	C	31	13	18	0	0	0	0	0.419355	18	C	29	12	17	0	0	0	0	0.413793	17	C	21	6	35.2408	43	36	43	38	0	0	0	0	31	0	15	16	0	0	0	0	0
1	23102	C	35	14	21	0	0	0	0	1	1.14286	9	C	33	13	20	0	0	0	0	1	1.15152	8	C	35	14	21	0	0	0	0	1.14286	9	C	33	13	20	0	0	0	0	1.15152	8	A	33	6	36.4822	43	35	43	34	0	0	0	0	35	0	19	16	0	0	0	0	0
1	23132	G	30	14	0	16	0	0	0	1	1.36667	5	R	28	14	0	14	0	0	0	1	1.32143	5	G	30	14	0	16	0	0	0	1.36667	5	R	28	14	0	14	0	0	0	1.32143	5	A	40	7	36.7643	43	35	0	0	43	29	0	0	30	0	11	19	0	0	0	0	0
1	23168	G	24	0	11	13	0	0	0	1	1.25	6	G	22	0	10	12	0	0	0	1	1.13636	6	G	24	0	11	13	0	0	0	1.25	6	G	22	0	10	12	0	0	0	1.13636	6	C	45	6	38.4356	0	0	43	34	43	38	0	0	24	0	9	15	0	0	0	0	0
1	23781	T	45	0	0	21	24	0	0	1	0.466667	24	T	41	0	0	17	24	0	0	1	0.414634	24	T	45	0	0	21	24	0	0	0.466667	24	T	41	0	0	17	24	0	0	0.414634	24	T	43	8	36.6457	0	0	0	0	43	37	43	34	45	0	19	26	0	0	0	0	0
1	23925	C	42	0	27	15	0	0	0	1	0.642857	15	C	38	0	27	11	0	0	0	1	0.710526	11	C	42	0	27	15	0	0	0	0.642857	15	C	38	0	27	11	0	0	0	0.710526	11	G	43	8	36.6457	0	0	43	35	43	37	0	0	42	0	27	15	0	0	0	0	0
1	24178	T	30	0	14	0	16	0	0	1	0.466667	16	Y	24	0	12	0	12	0	0	1	0.5	12	T	30	0	14	0	16	0	0	0.466667	16	Y	24	0	12	0	12	0	0	0.5	12	T	49	7	39.752	0	0	43	37	0	0	43	35	30	0	20	10	0	0	0	0	0
1	24454	G	32	12	0	20	0	0	0	1	0.71875	11	G	29	11	0	18	0	0	0	1	0.689655	10	G	32	12	0	20	0	0	0	0.71875	11	G	29	11	0	18	0	0	0	0.689655	10	A	36	8	36.6046	43	10	0	0	43	31	0	0	32	0	19	13	0	0	0	0	0
1	24506	T	38	0	0	11	27	0	0	1	0.578947	18	T	34	0	0	8	26	0	0	1	0.529412	17	T	38	0	0	11	27	0	0	0.578947	18	T	34	0	0	8	26	0	0	0.529412	17	T	32	5	36.4154	0	0	0	0	43	10	43	36	38	0	18	20	0	0	0	0	0
1	24618	A	40	21	0	0	19	0	0	1	0.475	21	A	36	21	0	0	15	0	0	1	0.416667	21	A	40	21	0	0	19	0	0	0.475	21	A	36	21	0	0	15	0	0	0.416667	21	A	43	7	36.6457	43	36	0	0	0	0	43	36	40	0	26	14	0	0	0	0	0
1	24822	C	37	15	22	0	0	0	0	1	0.594595	15	C	32	11	21	0	0	0	0	1	0.65625	11	C	37	15	22	0	0	0	0	0.594595	15	C	32	11	21	0	0	0	0	0.65625	11	A	37	6	36.8063	43	33	43	38	0	0	0	0	37	0	16	21	0	0	0	0	0
1	25269	G	51	0	25	26	0	0	0	1	0.490196	26	S	48	0	24	24	0	0	0	1	0.5	24	G	51	0	25	26	0	0	0	0.490196	26	S	48	0	24	24	0	0	0	0.5	24	G	47	6	40.8436	0	0	43	34	43	38	0	0	51	0	31	20	0	0	0	0	0
1	25377	G	37	17	0	20	0	0	0	1	1.08108	8	G	32	14	0	18	0	0	0	1	1.0625	7	G	37	17	0	20	0	0	0	1.08108	8	G	32	14	0	18	0	0	0	1.0625	7	A	42	7	37.0488	43	28	0	0	43	10	0	0	37	0	22	15	0	0	0	0	0
1	25388	G	37	0	0	24	13	0	0	1	1.08108	9	G	32	0	0	21	11	0	0	1	1.125	7	G	37	0	0	24	13	0	0	1.08108	9	G	32	0	0	21	11	0	0	1.125	7	G	41	8	36.2857	0	0	0	0	43	37	43	10	37	0	21	16	0	0	0	0	0
1	25430	T	36	0	0	16	20	0	0	1	1.02778	10	T	33	0	0	14	19	0	0	1	1.06061	9	T	36	0	0	16	20	0	0	1.02778	10	T	33	0	0	14	19	0	0	1.06061	9	T	31	7	36.8485	0	0	0	0	43	34	43	36	36	0	16	20	0	0	0	0	0
1	25579	C	38	0	25	0	13	0	0	1	0.842105	10	C	36	0	25	0	11	0	0	1	0.861111	9	C	38	0	25	0	13	0	0	0.842105	10	C	36	0	25	0	11	0	0	0.861111	9	T	44	8	37.3134	0	0	43	37	0	0	43	37	38	0	18	20	0	0	0	0	0
1	25647	A	41	24	0	17	0	0	0	1	0.853659	10	A	38	23	0	15	0	0	0	1	0.868421	9	A	41	24	0	17	0	0	0	0.853659	10	A	38	23	0	15	0	0	0	0.868421	9	G	50	6	40.6631	43	37	0	0	43	36	0	0	41	0	17	24	0	0	0	0	0
1	25855	T	38	17	0	0	21	0	0	1	0.447368	21	T	36	16	0	0	20	0	0	1	0.444444	20	T	38	17	0	0	21	0	0	0.447368	21	T	36	16	0	0	20	0	0	0.444444	20	T	49	7	39.752	43	32	0	0	0	0	43	35	38	0	24	14	0	0	0	0	0
1	26922	G	40	0	0	21	19	0	0	1	0.975	10	G	36	0	0	19	17	0	0	1	1	8	G	40	0	0	21	19	0	0	0.975	10	G	36	0	0	19	17	0	0	1	8	G	48	7	40.5349	0	0	0	0	43	33	43	10	40	0	24	16	0	0	0	0	0
1	26946	G	36	0	0	22	14	0	0	1	1.02778	8	G	33	0	0	21	12	0	0	1	1.09091	6	G	36	0	0	22	14	0	0	1.02778	8	G	33	0	0	21	12	0	0	1.09091	6	T	47	6	40.8436	0	0	0	0	43	35	43	10	36	0	16	20	0	0	0	0	0
1	27051	G	34	0	0	23	11	0	0	1	0.941176	9	G	29	0	0	20	9	0	0	1	0.965517	7	G	34	0	0	23	11	0	0	0.941176	9	G	29	0	0	20	9	0	0	0.965517	7	T	35	6	36.8453	0	0	0	0	43	38	43	29	34	0	15	19	0	0	0	0	0
1	27084	G	32	0	0	18	14	0	0	1	0.84375	12	G	30	0	0	18	12	0	0	1	0.8	12	G	32	0	0	18	14	0	0	0.84375	12	G	30	0	0	18	12	0	0	0.8	12	G	36	8	36.6046	0	0	0	0	43	33	43	29	32	0	21	11	0	0	0	0	0
1	27354	K	40	0	0	20	20	0	0	1	0.5	20	K	36	0	0	18	18	0	0	1	0.5	18	K	40	0	0	20	20	0	0	0.5	20	K	36	0	0	18	18	0	0	0.5	18	T	35	8	36.8453	0	0	0	0	43	10	43	34	40	0	18	22	0	0	0	0	0
1	27579	G	37	0	0	19	18	0	0	1	0.513514	18	T	30	0	0	14	16	0	0	1	0.466667	16	G	37	0	0	19	18	0	0	0.513514	18	T	30	0	0	14	16	0	0	0.466667	16	T	34	8	36.3285	0	0	0	0	43	33	43	37	37	0	17	20	0	0	0	0	0
1	27681	C	37	0	20	0	17	0	0	1	0.540541	17	C	33	0	19	0	14	0	0	1	0.575758	14	C	37	0	20	0	17	0	0	0.540541	17	C	33	0	19	0	14	0	0	0.575758	14	T	41	6	36.2857	0	0	43	37	0	0	43	31	37	0	9	28	0	0	0	0	0
1	28311	S	34	0	17	17	0	0	0	1	0.5	17	G	28	0	12	16	0	0	0	1	0.428571	16	S	34	0	17	17	0	0	0	0.5	17	G	28	0	12	16	0	0	0	0.428571	16	G	42	8	37.0488	0	0	43	10	43	38	0	0	34	0	15	19	0	0	0	0	0
1	28538	T	27	11	0	0	16	0	0	1	0.740741	10	T	25	10	0	0	15	0	0	1	0.76	9	T	27	11	0	0	16	0	0	0.740741	10	T	25	10	0	0	15	0	0	0.76	9	T	38	8	36.1133	43	36	0	0	0	0	43	36	27	0	15	12	0	0	0	0	0
1	28553	T	33	0	14	0	19	0	0	1	0.666667	14	T	26	0	9	0	17	0	0	1	0.576923	12	T	33	0	14	0	19	0	0	0.666667	14	T	26	0	9	0	17	0	0	0.576923	12	T	41	6	36.2857	0	0	43	37	0	0	43	28	33	0	20	13	0	0	0	0	0
1	28869	A	41	22	0	19	0	0	0	1	0.536585	19	G	37	18	0	19	0	0	0	1	0.486486	19	A	41	22	0	19	0	0	0	0.536585	19	G	37	18	0	19	0	0	0	0.486486	19	G	30	5	36.5126	43	32	0	0	43	36	0	0	41	0	22	19	0	0	0	0	0
1	29313	A	38	24	14	0	0	0	0	1	0.631579	14	A	34	20	14	0	0	0	0	1	0.588235	14	A	38	24	14	0	0	0	0	0.631579	14	A	34	20	14	0	0	0	0	0.588235	14	C	41	7	36.2857	43	35	43	38	0	0	0	0	38	0	17	21	0	0	0	0	0
1	29793	T	48	22	0	0	26	0	0	1	0.583333	23	T	41	19	0	0	22	0	0	1	0.536585	21	T	48	22	0	0	26	0	0	0.583333	23	T	41	19	0	0	22	0	0	0.536585	21	T	39	7	35.607	43	33	0	0	0	0	43	37	48	0	30	18	0	0	0	0	0
1	29871	K	42	0	0	21	21	0	0	1	0.666667	17	G	39	0	0	21	18	0	0	1	0.666667	16	K	42	0	0	21	21	0	0	0.666667	17	G	39	0	0	21	18	0	0	0.666667	16	T	43	7	36.6457	0	0	0	0	43	38	43	36	42	0	13	29	0	0	0	0	0
1	30084	C	33	0	19	0	14	0	0	1	0.818182	10	Y	28	0	14	0	14	0	0	1	0.892857	7	C	33	0	19	0	14	0	0	0.818182	10	Y	28	0	14	0	14	0	0	0.892857	7	C	36	7	36.6046	0	0	43	10	0	0	43	10	33	0	22	11	0	0	0	0	0
1	30123	A	32	19	0	13	0	0	0	1	0.9375	10	A	30	19	0	11	0	0	0	1	0.966667	9	A	32	19	0	13	0	0	0	0.9375	10	A	30	19	0	11	0	0	0	0.966667	9	G	31	7	36.8485	43	38	0	0	43	30	0	0	32	0	18	14	0	0	0	0	0
1	30199	A	33	20	13	0	0	0	0	1	0.545455	19	A	29	16	13	0	0	0	0	1	0.62069	15	A	33	20	13	0	0	0	0	0.545455	19	A	29	16	13	0	0	0	0	0.62069	15	A	46	7	40.0466	43	31	43	37	0	0	0	0	33	0	20	13	0	0	0	0	0
1	30914	A	40	24	16	0	0	0	0	1	0.4	24	A	33	18	15	0	0	0	0	1	0.454545	18	A	40	24	16	0	0	0	0	0.4	24	A	33	18	15	0	0	0	0	0.454545	18	A	40	6	36.7643	43	35	43	37	0	0	0	0	40	0	17	23	0	0	0	0	0
1	31131	C	39	0	20	0	19	0	0	1	1.23077	6	C	35	0	19	0	16	0	0	1	1.22857	6	C	39	0	20	0	19	0	0	1.23077	6	C	35	0	19	0	16	0	0	1.22857	6	C	30	7	36.5126	0	0	43	35	0	0	43	35	39	0	20	19	0	0	0	0	0
1	31149	G	42	0	0	22	20	0	0	1	1.2381	8	G	37	0	0	21	16	0	0	1	1.2973	7	G	42	0	0	22	20	0	0	1.2381	8	G	37	0	0	21	16	0	0	1.2973	7	T	29	7	36.8805	0	0	0	0	43	34	43	38	42	0	22	20	0	0	0	0	0
1	31181	C	40	0	21	19	0	0	0	1	1.1	10	S	34	0	17	17	0	0	0	1	1.05882	10	C	40	0	21	19	0	0	0	1.1	10	S	34	0	17	17	0	0	0	1.05882	10	G	29	8	36.8805	0	0	43	35	43	37	0	0	40	0	21	19	0	0	0	0	0
1	31280	C	26	10	16	0	0	0	0	1	0.615385	10	C	22	9	13	0	0	0	0	1	0.590909	9	C	26	10	16	0	0	0	0	0.615385	10	C	22	9	13	0	0	0	0	0.590909	9	A	29	6	36.8805	43	10	43	33	0	0	0	0	26	0	19	7	0	0	0	0	0
1	31560	A	29	16	13	0	0	0	0	1	0.689655	10	A	26	14	12	0	0	0	0	1	0.692308	9	A	29	16	13	0	0	0	0	0.689655	10	A	26	14	12	0	0	0	0	0.692308	9	A	43	7	36.6457	43	28	43	10	0	0	0	0	29	0	17	12	0	0	0	0	0
1	31608	A	32	19	13	0	0	0	0	1	0.65625	12	A	28	16	12	0	0	0	0	1	0.678571	10	A	32	19	13	0	0	0	0	0.65625	12	A	28	16	12	0	0	0	0	0.678571	10	A	34	7	36.3285	43	30	43	34	0	0	0	0	32	0	16	16	0	0	0	0	0
2	1307	M	40	20	20	0	0	0	0	1	0.55	18	C	38	18	20	0	0	0	0	1	0.526316	18	M	40	20	20	0	0	0	0	0.55	18	C	38	18	20	0	0	0	0	0.526316	18	C	58	8	37.9857	43	33	43	38	0	0	0	0	40	0	19	21	0	0	0	0	0
2	1385	A	38	22	0	16	0	0	0	1	0.473684	20	A	35	20	0	15	0	0	0	1	0.457143	19	A	38	22	0	16	0	0	0	0.473684	20	A	35	20	0	15	0	0	0	0.457143	19	A	59	8	40.1692	43	10	0	0	43	32	0	0	38	0	23	15	0	0	0	0	0
2	1977	C	38	0	23	15	0	0	0	1	0.605263	15	C	37	0	23	14	0	0	0	1	0.621622	14	C	38	0	23	15	0	0	0	0.605263	15	C	37	0	23	14	0	0	0	0.621622	14	G	58	5	37.9857	0	0	43	35	43	34	0	0	38	0	21	17	0	0	0	0	0
2	2277	G	27	13	0	14	0	0	0	1	0.481481	14	G	24	10	0	14	0	0	0	1	0.416667	14	G	27	13	0	14	0	0	0	0.481481	14	G	24	10	0	14	0	0	0	0.416667	14	G	54	6	39.299	43	38	0	0	43	28	0	0	27	0	15	12	0	0	0	0	0
2	2443	C	47	20	27	0	0	0	0	1	0.574468	20	C	42	18	24	0	0	0	0	1	0.571429	18	C	47	20	27	0	0	0	0	0.574468	20	C	42	18	24	0	0	0	0	0.571429	18	A	57	7	36.8933	43	31	43	37	0	0	0	0	47	0	23	24	0	0	0	0	0
2	3509	G	40	0	16	24	0	0	0	1	0.6	16	G	36	0	14	22	0	0	0	1	0.611111	14	G	40	0	16	24	0	0	0	0.6	16	G	36	0	14	22	0	0	0	0.611111	14	C	52	7	38.2097	0	0	43	10	43	38	0	0	40	0	16	24	0	0	0	0	0
2	3645	C	43	0	23	0	20	0	0	1	0.534884	20	C	37	0	21	0	16	0	0	1	0.567568	16	C	43	0	23	0	20	0	0	0.534884	20	C	37	0	21	0	16	0	0	0.567568	16	T	52	5	38.2097	0	0	43	38	0	0	43	37	43	0	21	22	0	0	0	0	0
2	3830	A	35	21	14	0	0	0	0	1	0.4	21	A	28	18	10	0	0	0	0	1	0.357143	18	A	35	21	14	0	0	0	0	0.4	21	A	28	18	10	0	0	0	0	0.357143	18	A	38	5	36.1133	43	37	43	10	0	0	0	0	35	0	14	21	0	0	0	0	0
2	3952	A	49	25	24	0	0	0	0	1	0.489796	25	A	42	23	19	0	0	0	0	1	0.452381	23	A	49	25	24	0	0	0	0	0.489796	25	A	42	23	19	0	0	0	0	0.452381	23	A	53	7	38.3207	43	36	43	33	0	0	0	0	49	0	32	17	0	0	0	0	0
2	4658	C	50	22	28	0	0	0	0	1	0.44	28	C	48	22	26	0	0	0	0	1	0.458333	26	C	50	22	28	0	0	0	0	0.44	28	C	48	22	26	0	0	0	0	0.458333	26	C	41	8	36.2857	43	27	43	38	0	0	0	0	50	0	28	22	0	0	0	0	0
2	4876	A	41	26	0	15	0	0	0	1	0.634146	15	A	37	22	0	15	0	0	0	1	0.594595	15	A	41	26	0	15	0	0	0	0.634146	15	A	37	22	0	15	0	0	0	0.594595	15	G	52	7	38.2097	43	37	0	0	43	37	0	0	41	0	24	17	0	0	0	0	0
2	4992	A	49	25	0	0	24	0	0	1	0.510204	24	A	40	22	0	0	18	0	0	1	0.55	18	A	49	25	0	0	24	0	0	0.510204	24	A	40	22	0	0	18	0	0	0.55	18	T	48	8	40.5349	43	37	0	0	0	0	43	35	49	0	23	26	0	0	0	0	0
2	5217	C	37	16	21	0	0	0	0	1	0.621622	16	C	35	15	20	0	0	0	0	1	0.628571	15	C	37	16	21	0	0	0	0	0.621622	16	C	35	15	20	0	0	0	0	0.628571	15	A	50	8	40.6631	43	37	43	37	0	0	0	0	37	0	25	12	0	0	0	0	0
2	5301	G	40	0	0	21	19	0	0	1	0.55	20	G	36	0	0	19	17	0	0	1	0.527778	18	G	40	0	0	21	19	0	0	0.55	20	G	36	0	0	19	17	0	0	0.527778	18	G	51	8	39.465	0	0	0	0	43	28	43	29	40	0	25	15	0	0	0	0	0
2	5476	A	48	30	18	0	0	0	0	1	0.583333	25	A	44	26	18	0	0	0	0	1	0.636364	21	A	48	30	18	0	0	0	0	0.583333	25	A	44	26	18	0	0	0	0	0.636364	21	A	48	8	40.5349	43	38	43	33	0	0	0	0	48	0	24	24	0	0	0	0	0
2	5531	C	42	0	26	0	16	0	0	1	0.642857	20	C	36	0	23	0	13	0	0	1	0.583333	18	C	42	0	26	0	16	0	0	0.642857	20	C	36	0	23	0	13	0	0	0.583333	18	C	52	7	38.2097	0	0	43	35	0	0	43	30	42	0	17	25	0	0	0	0	0
2	5853	A	33	17	0	16	0	0	0	1	0.515152	16	A	29	15	0	14	0	0	0	1	0.517241	14	A	33	17	0	16	0	0	0	0.515152	16	A	29	15	0	14	0	0	0	0.517241	14	G	50	8	40.6631	43	37	0	0	43	30	0	0	33	0	17	16	0	0	0	0	0
2	6319	C	42	0	23	19	0	0	0	1	0.547619	19	C	37	0	19	18	0	0	0	1	0.513514	18	C	42	0	23	19	0	0	0	0.547619	19	C	37	0	19	18	0	0	0	0.513514	18	G	64	8	37.3408	0	0	43	37	43	38	0	0	42	0	24	18	0	0	0	0	0
2	6624	A	44	27	0	17	0	0	0	1	0.613636	17	A	41	24	0	17	0	0	0	1	0.585366	17	A	44	27	0	17	0	0	0	0.613636	17	A	41	24	0	17	0	0	0	0.585366	17	G	65	7	36.4085	43	37	0	0	43	31	0	0	44	0	23	21	0	0	0	0	0
2	6845	C	33	15	18	0	0	0	0	1	0.545455	15	C	31	15	16	0	0	0	0	1	0.516129	15	C	33	15	18	0	0	0	0	0.545455	15	C	31	15	16	0	0	0	0	0.516129	15	A	62	7	37.6929	43	29	43	31	0	0	0	0	33	0	17	16	0	0	0	0	0
2	6936	T	32	15	0	0	17	0	0	1	0.5	16	T	29	14	0	0	15	0	0	1	0.482759	15	T	32	15	0	0	17	0	0	0.5	16	T	29	14	0	0	15	0	0	0.482759	15	T	57	8	36.8933	43	28	0	0	0	0	43	34	32	0	15	17	0	0	0	0	0
2	7567	A	40	21	19	0	0	0	0	1	0.525	19	C	35	16	19	0	0	0	0	1	0.457143	19	A	40	21	19	0	0	0	0	0.525	19	C	35	16	19	0	0	0	0	0.457143	19	C	58	8	37.9857	43	31	43	37	0	0	0	0	40	0	26	14	0	0	0	0	0
2	7776	C	40	0	24	0	16	0	0	1	0.95	9	C	30	0	19	0	11	0	0	1	1.03333	6	C	40	0	24	0	16	0	0	0.95	9	C	30	0	19	0	11	0	0	1.03333	6	T	58	7	37.9857	0	0	43	36	0	0	43	32	40	0	18	22	0	0	0	0	0
2	7789	A	33	18	0	15	0	0	0	1	1.0303	6	A	28	15	0	13	0	0	0	1	1	6	A	33	18	0	15	0	0	0	1.0303	6	A	28	15	0	13	0	0	0	1	6	A	58	7	37.9857	43	35	0	0	43	36	0	0	33	0	14	19	0	0	0	0	0
2	8050	C	53	0	31	22	0	0	0	1	0.735849	18	C	50	0	30	20	0	0	0	1	0.7	17	C	53	0	31	22	0	0	0	0.735849	18	C	50	0	30	20	0	0	0	0.7	17	G	55	7	39.1824	0	0	43	36	43	10	0	0	53	0	29	24	0	0	0	0	0
2	8127	T	44	0	0	21	23	0	0	1	1.25	7	K	40	0	0	20	20	0	0	1	1.2	7	T	44	0	0	21	23	0	0	1.25	7	K	40	0	0	20	20	0	0	1.2	7	G	73	8	41.087	0	0	0	0	43	38	43	36	44	0	26	18	0	0	0	0	0
2	8137	T	44	0	16	0	28	0	0	1	1.22727	8	T	40	0	12	0	28	0	0	1	1.3	6	T	44	0	16	0	28	0	0	1.22727	8	T	40	0	12	0	28	0	0	1.3	6	C	75	7	44.5714	0	0	43	31	0	0	43	35	44	0	25	19	0	0	0	0	0
2	8223	G	28	0	0	19	9	0	0	1	0.75	12	G	24	0	0	16	8	0	0	1	0.625	12	G	28	0	0	19	9	0	0	0.75	12	G	24	0	0	16	8	0	0	0.625	12	G	62	8	37.6929	0	0	0	0	43	35	43	10	28	0	14	14	0	0	0	0	0
2	8284	C	32	15	17	0	0	0	0	1	0.71875	13	M	30	15	15	0	0	0	0	1	0.666667	13	C	32	15	17	0	0	0	0	0.71875	13	M	30	15	15	0	0	0	0	0.666667	13	A	48	6	40.5349	43	34	43	35	0	0	0	0	32	0	14	18	0	0	0	0	0
2	8411	C	47	0	26	0	21	0	0	1	0.446809	26	C	42	0	24	0	18	0	0	1	0.428571	24	C	47	0	26	0	21	0	0	0.446809	26	C	42	0	24	0	18	0	0	0.428571	24	C	47	8	40.8436	0	0	43	33	0	0	43	31	47	0	26	21	0	0	0	0	0
2	8511	A	40	24	0	16	0	0	0	1	0.6	16	A	37	24	0	13	0	0	0	1	0.648649	13	A	40	24	0	16	0	0	0	0.6	16	A	37	24	0	13	0	0	0	0.648649	13	G	54	7	39.299	43	38	0	0	43	10	0	0	40	0	19	21	0	0	0	0	0
2	8685	G	47	0	0	28	19	0	0	1	0.765957	17	G	44	0	0	26	18	0	0	1	0.772727	16	G	47	0	0	28	19	0	0	0.765957	17	G	44	0	0	26	18	0	0	0.772727	16	T	56	6	38.6706	0	0	0	0	43	35	43	36	47	0	21	26	0	0	0	0	0
2	8734	C	36	0	22	0	14	0	0	1	0.916667	10	C	31	0	19	0	12	0	0	1	0.935484	9	C	36	0	22	0	14	0	0	0.916667	10	C	31	0	19	0	12	0	0	0.935484	9	C	59	7	40.1692	0	0	43	10	0	0	43	35	36	0	15	21	0	0	0	0	0
2	8801	T	47	23	0	0	24	0	0	1	1	11	A	41	21	0	0	20	0	0	1	1	10	T	47	23	0	0	24	0	0	1	11	A	41	21	0	0	20	0	0	1	10	A	44	7	37.3134	43	33	0	0	0	0	43	32	47	0	32	15	0	0	0	0	0
2	8846	T	47	0	23	0	24	0	0	1	1	11	T	45	0	21	0	24	0	0	1	0.977778	11	T	47	0	23	0	24	0	0	1	11	T	45	0	21	0	24	0	0	0.977778	11	T	43	7	36.6457	0	0	43	35	0	0	43	37	47	0	18	29	0	0	0	0	0
2	8902	C	42	0	23	0	19	0	0	1	0.642857	16	C	38	0	20	0	18	0	0	1	0.631579	15	C	42	0	23	0	19	0	0	0.642857	16	C	38	0	20	0	18	0	0	0.631579	15	T	45	8	38.4356	0	0	43	38	0	0	43	10	42	0	24	18	0	0	0	0	0
2	9152	C	43	0	23	0	20	0	0	1	0.465116	23	C	33	0	17	0	16	0	0	1	0.484848	17	C	43	0	23	0	20	0	0	0.465116	23	C	33	0	17	0	16	0	0	0.484848	17	C	50	8	40.6631	0	0	43	34	0	0	43	34	43	0	20	23	0	0	0	0	0
2	9389	T	53	20	0	0	33	0	0	1	0.622642	20	T	50	19	0	0	31	0	0	1	0.62	19	T	53	20	0	0	33	0	0	0.622642	20	T	50	19	0	0	31	0	0	0.62	19	A	51	6	39.465	43	31	0	0	0	0	43	34	53	0	25	28	0	0	0	0	0
2	9551	T	52	0	25	0	27	0	0	1	0.903846	15	T	49	0	22	0	27	0	0	1	0.897959	15	T	52	0	25	0	27	0	0	0.903846	15	T	49	0	22	0	27	0	0	0.897959	15	T	41	5	36.2857	0	0	43	32	0	0	43	38	52	0	28	24	0	0	0	0	0
2	9565	A	49	26	23	0	0	0	0	1	0.979592	11	C	42	20	22	0	0	0	0	1	0.952381	11	A	49	26	23	0	0	0	0	0.979592	11	C	42	20	22	0	0	0	0	0.952381	11	C	40	8	36.7643	43	34	43	36	0	0	0	0	49	0	27	22	0	0	0	0	0
2	10382	T	48	0	23	0	25	0	0	1	0.479167	25	T	41	0	20	0	21	0	0	1	0.487805	21	T	48	0	23	0	25	0	0	0.479167	25	T	41	0	20	0	21	0	0	0.487805	21	T	55	7	39.1824	0	0	43	34	0	0	43	38	48	0	26	22	0	0	0	0	0
2	10736	A	45	24	21	0	0	0	0	1	0.466667	24	M	38	19	19	0	0	0	0	1	0.5	19	A	45	24	21	0	0	0	0	0.466667	24	M	38	19	19	0	0	0	0	0.5	19	A	50	8	40.6631	43	30	43	30	0	0	0	0	45	0	25	20	0	0	0	0	0
2	11336	A	50	30	20	0	0	0	0	1	0.78	19	A	44	27	17	0	0	0	0	1	0.75	18	A	50	30	20	0	0	0	0	0.78	19	A	44	27	17	0	0	0	0	0.75	18	A	43	8	36.6457	43	38	43	33	0	0	0	0	50	0	29	21	0	0	0	0	0
2	11353	T	49	0	0	22	27	0	0	1	0.816327	17	T	47	0	0	22	25	0	0	1	0.851064	15	T	49	0	0	22	27	0	0	0.816327	17	T	47	0	0	22	25	0	0	0.851064	15	T	47	7	40.8436	0	0	0	0	43	33	43	10	49	0	32	17	0	0	0	0	0
2	11558	C	46	0	25	21	0	0	0	1	0.456522	25	C	40	0	21	19	0	0	0	1	0.475	21	C	46	0	25	21	0	0	0	0.456522	25	C	40	0	21	19	0	0	0	0.475	21	C	54	8	39.299	0	0	43	35	43	36	0	0	46	0	23	23	0	0	0	0	0
2	13478	C	50	16	34	0	0	0	0	1.28	0.68	25	C	39	14	25	0	0	0	0	1.15385	0.717949	18	C	36	14	22	0	0	0	0	0.888889	13	C	33	14	19	0	0	0	0	0.848485	12	C	43	7	46.9065	43	10	43	38	0	0	0	0	36	0	17	19	0	0	0	0	0
2	13519	C	41	14	27	0	0	0	0	1.12195	1.07317	12	C	36	13	23	0	0	0	0	1.13889	1.05556	11	C	36	13	23	0	0	0	0	1.13889	8	C	31	12	19	0	0	0	0	1.12903	7	C	56	7	43.3865	43	30	43	32	0	0	0	0	36	0	21	15	0	0	0	0	0
2	13530	C	41	16	25	0	0	0	0	1.12195	1.04878	12	C	38	16	22	0	0	0	0	1.13158	1.05263	12	C	36	15	21	0	0	0	0	1.11111	8	C	33	15	18	0	0	0	0	1.12121	8	C	61	7	41.5438	43	34	43	36	0	0	0	0	36	0	20	16	0	0	0	0	0
2	13597	C	46	0	25	21	0	0	0	1.06522	0.630435	23	C	40	0	22	18	0	0	0	1	0.6	20	C	43	0	23	20	0	0	0	0.604651	21	C	40	0	22	18	0	0	0	0.6	20	C	66	7	40.0858	0	0	43	34	43	38	0	0	43	0	26	17	0	0	0	0	0
2	14127	T	47	0	21	0	26	0	0	1	1.02128	11	T	42	0	17	0	25	0	0	1	1.04762	9	T	47	0	21	0	26	0	0	1.02128	11	T	42	0	17	0	25	0	0	1.04762	9	C	63	8	39.9148	0	0	43	38	0	0	43	34	47	0	28	19	0	0	0	0	0
2	14161	G	49	0	0	31	18	0	0	1	0.979592	13	G	45	0	0	28	17	0	0	1	0.955556	12	G	49	0	0	31	18	0	0	0.979592	13	G	45	0	0	28	17	0	0	0.955556	12	T	62	8	37.6929	0	0	0	0	43	36	43	35	49	0	28	21	0	0	0	0	0
2	14289	T	51	20	0	0	31	0	0	1.19608	0.54902	26	T	46	17	0	0	29	0	0	1.21739	0.521739	25	T	46	20	0	0	26	0	0	0.543478	23	T	41	17	0	0	24	0	0	0.512195	22	T	50	6	48.6362	43	36	0	0	0	0	43	34	46	0	28	18	0	0	0	0	0
2	14374	A	48	26	0	22	0	0	0	1	0.541667	24	A	37	21	0	16	0	0	0	1	0.459459	21	A	48	26	0	22	0	0	0	0.541667	24	A	37	21	0	16	0	0	0	0.459459	21	A	52	6	38.2097	43	36	0	0	43	38	0	0	48	0	26	22	0	0	0	0	0
2	14490	A	52	34	0	18	0	0	0	1.23077	0.5	28	A	48	32	0	16	0	0	0	1.25	0.5	26	A	40	24	0	16	0	0	0	0.4	24	A	36	22	0	14	0	0	0	0.388889	22	A	45	8	47.3054	43	37	0	0	43	10	0	0	40	0	29	11	0	0	0	0	0
2	14600	A	41	21	0	0	20	0	0	1	0.512195	20	W	38	19	0	0	19	0	0	1	0.5	19	A	41	21	0	0	20	0	0	0.512195	20	W	38	19	0	0	19	0	0	0.5	19	T	48	7	40.5349	43	28	0	0	0	0	43	31	41	0	21	20	0	0	0	0	0
2	15127	G	46	0	0	27	19	0	0	1.08696	0.413043	27	G	44	0	0	25	19	0	0	1.09091	0.431818	25	G	42	0	0	25	17	0	0	0.404762	25	G	40	0	0	23	17	0	0	0.425	23	G	39	6	38.7033	0	0	0	0	43	38	43	29	42	0	26	16	0	0	0	0	0
2	16165	G	52	0	0	29	23	0	0	1.26923	0.711538	22	G	48	0	0	29	19	0	0	1.29167	0.645833	22	T	38	0	0	18	20	0	0	0.868421	12	G	34	0	0	18	16	0	0	0.794118	12	G	39	7	45.1935	0	0	0	0	43	38	43	31	38	0	25	13	0	0	0	0	0
2	16222	G	55	24	0	31	0	0	0	1	1.12727	8	G	49	22	0	27	0	0	0	1	1.14286	7	G	55	24	0	31	0	0	0	1.12727	8	G	49	22	0	27	0	0	0	1.14286	7	A	40	7	36.7643	43	32	0	0	43	38	0	0	55	0	30	25	0	0	0	0	0
2	16267	G	55	0	26	29	0	0	0	1	0.854545	16	G	51	0	25	26	0	0	0	1	0.862745	15	G	55	0	26	29	0	0	0	0.854545	16	G	51	0	25	26	0	0	0	0.862745	15	C	46	7	40.0466	0	0	43	28	43	35	0	0	55	0	28	27	0	0	0	0	0
2	16476	G	52	0	17	35	0	0	0	1.32692	0.442308	29	G	45	0	17	28	0	0	0	1.26667	0.444444	25	G	35	0	12	23	0	0	0	0.342857	23	G	33	0	12	21	0	0	0	0.363636	21	G	31	8	48.8951	0	0	43	29	43	37	0	0	35	0	9	26	0	0	0	0	0
2	17693	K	48	0	0	24	24	0	0	1.25	1.375	10	G	45	0	0	23	22	0	0	1.26667	1.44444	8	G	36	0	0	21	15	0	0	1.55556	6	G	33	0	0	20	13	0	0	1.66667	4	T	47	8	51.0546	0	0	0	0	43	32	43	34	36	0	17	19	0	0	0	0	0
2	17715	A	48	30	0	0	18	0	0	1.25	1.41667	11	A	41	26	0	0	15	0	0	1.29268	1.4878	9	A	36	20	0	0	16	0	0	1.61111	7	A	29	16	0	0	13	0	0	1.75862	5	A	44	8	46.6417	43	35	0	0	0	0	43	10	36	0	23	13	0	0	0	0	0
2	17753	T	55	0	19	0	36	0	0	1.12727	1.29091	14	T	47	0	19	0	28	0	0	1.04255	1.38298	11	T	48	0	18	0	30	0	0	1.3125	13	T	45	0	18	0	27	0	0	1.37778	11	T	45	8	43.3274	0	0	43	38	0	0	43	34	48	0	27	21	0	0	0	0	0
2	17755	C	53	0	27	0	26	0	0	1.07547	1.30189	14	T	48	0	23	0	25	0	0	1.02083	1.33333	12	T	49	0	24	0	25	0	0	1.28571	14	T	47	0	22	0	25	0	0	1.34043	12	C	43	8	39.4114	0	0	43	34	0	0	43	36	49	0	27	22	0	0	0	0	0
2	18201	T	68	0	0	22	46	0	0	1.72059	0.323529	46	T	60	0	0	20	40	0	0	1.73333	0.333333	40	T	19	0	0	8	11	0	0	0.421053	11	K	16	0	0	8	8	0	0	0.5	8	T	43	8	63.0522	0	0	0	0	43	32	43	38	19	0	19	0	0	0	0	0	0
2	18559	G	39	0	0	25	14	0	0	1	0.358974	25	G	36	0	0	23	13	0	0	1	0.361111	23	G	39	0	0	25	14	0	0	0.358974	25	G	36	0	0	23	13	0	0	0.361111	23	G	48	7	40.5349	0	0	0	0	43	38	43	32	39	0	17	22	0	0	0	0	0
2	18928	C	58	28	30	0	0	0	0	1	0.517241	28	C	53	26	27	0	0	0	0	1	0.509434	26	C	58	28	30	0	0	0	0	0.517241	28	C	53	26	27	0	0	0	0	0.509434	26	A	47	7	40.8436	43	38	43	34	0	0	0	0	58	0	30	28	0	0	0	0	0
2	19318	C	41	19	22	0	0	0	0	1	1.41463	8	C	38	18	20	0	0	0	0	1	1.5	6	C	41	19	22	0	0	0	0	1.41463	8	C	38	18	20	0	0	0	0	1.5	6	C	54	8	39.299	43	35	43	32	0	0	0	0	41	0	22	19	0	0	0	0	0
2	19323	C	41	18	23	0	0	0	0	1	1.46341	7	C	37	17	20	0	0	0	0	1	1.48649	6	C	41	18	23	0	0	0	0	1.46341	7	C	37	17	20	0	0	0	0	1.48649	6	A	51	8	39.465	43	10	43	38	0	0	0	0	41	0	23	18	0	0	0	0	0
2	19353	T	56	0	22	0	34	0	0	1.25	0.982143	23	T	49	0	21	0	28	0	0	1.28571	1.04082	18	Y	42	0	21	0	21	0	0	1.21429	13	C	35	0	20	0	15	0	0	1.34286	8	T	45	8	48.0445	0	0	43	37	0	0	43	33	42	0	15	27	0	0	0	0	0
2	19509	A	39	24	15	0	0	0	0	1	0.384615	24	A	35	22	13	0	0	0	0	1	0.371429	22	A	39	24	15	0	0	0	0	0.384615	24	A	35	22	13	0	0	0	0	0.371429	22	A	49	7	39.752	43	38	43	10	0	0	0	0	39	0	23	16	0	0	0	0	0
2	19887	A	41	23	18	0	0	0	0	1	0.634146	19	A	36	21	15	0	0	0	0	1	0.583333	18	A	41	23	18	0	0	0	0	0.634146	19	A	36	21	15	0	0	0	0	0.583333	18	A	40	7	36.7643	43	34	43	34	0	0	0	0	41	0	20	21	0	0	0	0	0
2	19942	C	58	0	37	0	21	0	0	1.65517	0.586207	28	C	52	0	34	0	18	0	0	1.63462	0.576923	26	T	20	0	9	0	11	0	0	1.05	3	T	19	0	9	0	10	0	0	1.05263	3	C	45	8	63.6175	0	0	43	27	0	0	43	10	20	0	2	18	0	0	0	0	0
2	21897	T	54	0	22	0	32	0	0	1.16667	0.407407	32	T	46	0	16	0	30	0	0	1.19565	0.347826	30	T	45	0	21	0	24	0	0	0.466667	24	T	37	0	15	0	22	0	0	0.405405	22	T	53	7	44.7075	0	0	43	33	0	0	43	38	45	0	21	24	0	0	0	0	0
2	22434	C	34	0	25	9	0	0	0	1	0.735294	9	C	31	0	23	8	0	0	0	1	0.741935	8	C	34	0	25	9	0	0	0	0.735294	9	C	31	0	23	8	0	0	0	0.741935	8	G	55	7	39.1824	0	0	43	38	43	37	0	0	34	0	17	17	0	0	0	0	0
2	22844	A	80	60	0	0	20	0	0	1.85	0.3125	55	A	75	57	0	0	18	0	0	1.84	0.306667	52	A	12	8	0	0	4	0	0	0.333333	8	A	12	8	0	0	4	0	0	0.333333	8	A	32	8	67.3684	43	36	0	0	0	0	43	36	12	0	12	0	0	0	0	0	0
2	23227	G	74	19	0	55	0	0	0	2.05405	0.256757	55	G	68	18	0	50	0	0	0	2.05882	0.264706	50	G	6	2	0	4	0	0	0	0.333333	4	G	3	1	0	2	0	0	0	0.333333	2	G	67	7	73.9254	43	10	0	0	43	34	0	0	6	0	0	6	0	0	0	0	0
2	24193	T	39	0	18	0	21	0	0	1	0.538462	18	T	37	0	17	0	20	0	0	1	0.540541	17	T	39	0	18	0	21	0	0	0.538462	18	T	37	0	17	0	20	0	0	0.540541	17	C	50	7	40.6631	0	0	43	32	0	0	43	38	39	0	18	21	0	0	0	0	0
2	24470	A	60	46	0	14	0	0	0	1.58333	0.35	39	A	49	37	0	12	0	0	0	1.57143	0.326531	33	A	25	15	0	10	0	0	0	0.4	15	A	21	12	0	9	0	0	0	0.428571	12	A	43	8	58.0224	43	37	0	0	43	29	0	0	25	0	18	7	0	0	0	0	0
2	24825	G	36	0	16	20	0	0	0	1	0.555556	16	G	32	0	15	17	0	0	0	1	0.53125	15	G	36	0	16	20	0	0	0	0.555556	16	G	32	0	15	17	0	0	0	0.53125	15	C	47	7	40.8436	0	0	43	36	43	30	0	0	36	0	17	19	0	0	0	0	0
2	26256	C	38	0	23	0	15	0	0	1	0.605263	15	C	34	0	20	0	14	0	0	1	0.588235	14	C	38	0	23	0	15	0	0	0.605263	15	C	34	0	20	0	14	0	0	0.588235	14	T	50	8	40.6631	0	0	43	29	0	0	43	30	38	0	22	16	0	0	0	0	0
2	26438	G	49	0	17	32	0	0	0	1	0.346939	32	G	47	0	16	31	0	0	0	1	0.340426	31	G	49	0	17	32	0	0	0	0.346939	32	G	47	0	16	31	0	0	0	0.340426	31	G	53	7	38.3207	0	0	43	32	43	38	0	0	49	0	26	23	0	0	0	0	0
